[LEVEL]
./assets/levels/level1.txt
[MISSILES]
1
0 0
0 0
0 0
0 0
0 0
0 0
0 0
0 0
0 0
0 0
0 0
0 0
0 0
0 0
0 0
0 0
0 0
0 0
0 0
0 0
0 0
0 0
0 0
0 0
0 0
0 0
0 0
0 0
0 0
0 0
0 0
0 0
0 0
0 0
0 0
0 0
0 0
0 0
0 0
0 0
0 0
0 0
0 0
0 0
0 0
0 0
0 0
0 0
0 0
0 0
0 0
0 0
0 0
0 0
0 0
0 0
-5 0
-14 0
-19 0
-23 5
-20 2
-17 6
-7 2
-10 0
-6 1
-7 1
-10 0
-5 0
-7 0
-7 0
-11 0
-10 0
-11 2
-16 4
-14 1
-8 3
-7 0
-3 0
-1 2
-1 0
-1 0
-1 0
-1 1
-1 0
-2 0
-4 1
-1 0
-1 0
-1 0
-2 0
-3 0
-3 0
-3 0
-1 0
0 0
-1 -1
-3 -1
-1 -1
-3 -1
0 0
0 0
-1 0
0 0
END
1
0 0
0 0
0 0
0 0
0 0
0 0
0 0
0 0
0 0
0 0
0 0
0 0
0 0
0 0
0 0
0 0
0 0
0 0
0 0
0 0
0 0
0 0
0 0
0 0
0 0
0 0
0 0
-5 0
-22 0
-23 -2
-29 -3
-31 -4
-13 -2
-22 0
-14 0
-14 0
-18 0
-26 0
-25 4
-20 4
-22 4
-13 2
-13 4
-8 0
-14 0
-12 2
-9 0
-4 0
-3 0
-5 -2
-2 -2
-6 0
-4 0
-7 0
-2 0
-2 -1
0 0
0 0
0 0
0 0
0 0
0 0
0 0
0 0
END
2
0 0
0 0
0 0
0 0
0 0
0 0
0 0
0 0
0 0
0 0
0 0
0 0
0 0
0 0
0 0
0 0
0 0
0 0
0 0
0 0
0 0
0 0
0 0
0 0
0 0
0 0
0 0
0 0
-1 0
-7 0
-22 0
-23 0
-37 0
-28 2
-20 7
-8 0
-14 2
-14 4
-17 2
-20 7
-14 0
-14 2
-6 4
-7 0
-8 0
-12 3
-6 1
-4 0
-5 2
-5 0
-3 1
-2 2
-7 2
-2 0
-4 3
-5 2
-1 1
-3 1
-1 1
-2 1
-1 0
-1 1
-1 0
-1 1
0 0
0 0
-1 1
-2 3
END
2
0 0
0 0
0 0
0 0
0 0
0 0
0 0
0 0
0 0
0 0
0 0
0 0
0 0
0 0
0 0
0 0
0 0
0 0
0 0
0 0
0 0
0 0
0 0
0 0
0 0
-1 0
-2 0
-6 0
-13 0
-15 0
-19 2
-19 6
-19 2
-17 4
-18 0
-13 1
-18 2
-12 2
-12 1
-10 0
-6 0
-4 0
-5 1
-7 1
-10 4
-9 2
-10 3
-4 1
-1 0
-2 1
-2 2
-5 1
-10 4
-7 2
-5 1
-3 1
-1 0
-3 0
-2 1
0 0
-1 0
-4 3
-2 0
-4 1
-1 0
-1 1
END
1
0 0
0 0
0 0
0 0
0 0
0 0
0 0
0 0
0 0
0 0
0 0
0 0
0 0
0 0
0 0
0 0
0 0
0 0
0 0
0 0
0 0
0 0
0 0
0 0
0 0
0 0
0 0
0 0
0 0
-3 0
-16 4
-25 4
-27 2
-26 5
-26 10
-16 4
-12 4
-15 2
-16 4
-20 6
-22 8
-16 4
-16 4
-14 4
-9 4
-15 3
-7 1
-7 2
-9 2
-7 1
-7 0
-6 0
-6 0
-6 1
-3 0
-1 0
-1 0
-1 -1
-1 -1
-1 -1
-1 -2
-1 -1
0 -4
-1 -3
0 -3
-1 -5
0 -1
-1 -1
0 -2
0 0
0 0
0 0
0 0
0 0
0 0
0 0
0 0
0 0
0 0
0 0
0 0
0 0
0 0
0 0
END
1
0 0
0 0
0 0
0 0
0 0
0 0
0 0
0 0
0 0
0 0
0 0
0 0
0 0
0 0
0 0
0 0
0 0
0 0
0 0
0 0
0 0
0 0
0 0
0 0
0 0
0 0
0 0
0 0
0 0
0 0
0 0
0 0
0 0
0 0
0 0
0 0
0 0
0 0
0 0
0 0
0 0
0 0
0 0
0 0
0 0
0 0
0 0
0 0
0 0
0 0
0 0
0 0
0 0
0 0
0 0
0 0
-5 1
-3 0
-7 0
-11 0
-9 0
-19 4
-22 2
-29 2
-22 2
-14 0
-9 0
-6 0
-7 0
-4 2
-12 0
-10 1
-13 4
-12 4
-12 3
-8 0
-10 0
-5 0
-4 0
-2 0
-5 0
-6 0
-3 0
-2 3
-2 0
-1 0
-1 0
-1 0
-1 0
-1 0
-1 0
-1 0
-2 0
-5 0
-4 0
-2 0
0 0
0 0
0 0
0 -1
0 -1
0 -1
-3 -4
0 0
0 -1
-1 -3
0 0
0 0
0 0
0 -1
0 0
0 0
0 0
0 0
0 0
0 0
0 0
0 0
0 0
0 -1
0 -1
0 -2
0 -1
1 -2
0 0
0 0
0 0
END
0
0 0
0 0
0 0
0 0
0 0
0 0
0 0
0 0
0 0
0 0
0 0
0 0
0 0
0 0
0 0
0 0
0 0
0 0
0 0
0 0
0 0
0 0
0 0
0 0
0 0
0 0
0 0
0 0
0 0
0 0
0 0
0 0
0 0
0 0
0 0
0 0
0 0
0 0
0 0
0 0
0 0
0 0
0 0
0 0
0 0
0 0
0 0
0 0
0 0
0 0
0 0
0 0
-1 0
-3 0
-8 0
-21 0
-14 2
-20 2
-14 2
-9 1
-6 0
-14 0
-9 0
-10 0
-7 0
-4 -3
-7 -3
-4 -3
-6 -3
-4 -3
-5 -3
-2 -1
-3 -1
-1 -1
-1 -1
-1 -1
-1 0
-2 -2
-1 0
-2 0
-1 -1
-3 -2
-2 -3
-2 -1
-1 0
-2 0
-2 -2
-1 -1
-1 -1
-1 0
-1 -1
-1 0
-3 0
-1 0
-1 0
0 0
0 0
0 0
0 0
0 0
-1 0
-1 0
-3 1
-1 1
-1 1
-1 2
-1 1
-1 3
0 0
0 0
0 0
0 0
0 0
0 1
0 2
0 1
0 0
-1 2
0 0
0 0
0 1
0 1
END
0
0 0
0 0
0 0
0 0
0 0
0 0
0 0
0 0
0 0
0 0
0 0
0 0
0 0
0 0
0 0
0 0
0 0
0 0
0 0
0 0
0 0
0 0
0 0
0 0
0 0
0 0
0 0
0 0
0 0
0 0
0 0
0 0
0 0
0 0
0 0
0 0
0 0
0 0
0 0
0 0
0 0
0 0
0 0
0 0
0 0
0 0
0 0
0 0
0 0
0 0
0 0
0 0
0 0
0 0
0 0
0 0
-4 1
-2 0
-3 0
-2 1
-3 0
-3 0
-4 0
-8 0
-7 0
-8 0
-5 0
-3 0
-5 0
-7 0
-5 0
-6 0
-6 0
-5 0
-4 0
-9 0
-12 0
-13 0
-10 0
-6 0
-7 0
-4 0
-3 -3
-7 -1
-5 -3
-5 -3
-3 -2
-3 -1
-1 -1
-2 -2
-2 -2
-1 0
-1 0
-3 0
0 0
-1 -1
0 0
-2 0
-2 0
-2 1
-1 0
-1 0
-2 2
-2 0
-1 1
-3 1
-1 0
-2 0
-2 2
0 0
0 0
0 0
0 0
0 0
0 0
0 0
0 0
0 1
END
3
0 0
0 0
0 0
0 0
0 0
0 0
0 0
0 0
0 0
0 0
0 0
0 0
0 0
0 0
0 0
0 0
0 0
0 0
0 0
0 0
0 0
0 0
0 0
0 0
0 0
0 0
0 0
-4 0
-11 0
-12 0
-13 0
-26 0
-11 0
-9 0
-4 -1
-7 -1
-7 -1
-12 0
-9 0
-5 -1
-4 -1
-4 -1
-4 0
-5 -2
-4 0
-2 -1
-2 0
-5 0
-3 0
-3 0
-2 0
-1 0
-1 0
-3 0
-3 -1
-1 0
-2 0
-3 0
-3 -1
-4 0
-2 0
-2 0
-2 0
-3 -1
-1 0
0 0
-2 0
-1 0
-1 0
-2 0
-2 0
-2 0
-1 0
0 0
0 0
0 0
0 0
-1 0
0 0
END
1
0 0
0 0
0 0
0 0
0 0
0 0
0 0
0 0
0 0
0 0
0 0
0 0
0 0
0 0
0 0
0 0
0 0
0 0
0 0
0 0
0 0
0 0
0 0
0 0
0 0
0 0
0 0
0 0
0 0
0 0
0 0
0 0
0 0
0 0
0 0
0 0
0 0
0 0
0 0
0 0
0 0
0 0
0 0
0 0
0 0
0 0
0 0
-1 0
-1 0
-7 -1
-12 -3
-25 0
-27 0
-22 0
-16 0
-11 0
-7 0
-13 0
-10 0
-12 0
-15 0
-12 0
-7 0
-5 0
-3 0
-4 0
-2 0
-3 0
-3 0
-2 0
-1 0
-3 0
-1 -1
-3 0
-3 0
-3 0
-2 -1
-2 -2
-1 -1
-2 -1
-1 0
-2 0
-1 0
-2 0
-1 0
0 0
-1 0
0 0
0 0
0 0
0 0
0 0
0 0
0 0
0 0
0 0
0 0
0 0
0 1
0 1
-1 2
0 0
0 0
0 0
0 2
0 0
0 0
0 0
0 0
0 0
0 0
0 0
0 0
0 0
0 0
0 0
0 0
0 0
0 0
0 0
0 0
0 0
0 1
END
3
0 0
0 0
0 0
0 0
0 0
0 0
0 0
0 0
0 0
0 0
0 0
0 0
0 0
0 0
0 0
0 0
0 0
0 0
0 0
0 0
0 0
0 0
0 0
-1 0
-3 0
-7 2
-11 0
-2 0
-4 0
-12 0
-12 0
-8 0
-7 0
-6 1
-8 0
-6 0
-8 1
-7 0
-8 3
-3 0
-2 -1
-3 -1
-5 -1
-1 0
-3 -1
-1 -1
-1 -1
0 -1
-2 -3
-1 -1
-3 -1
-2 -1
-2 -2
-1 0
-1 0
-3 0
-1 1
-2 0
-5 1
-1 2
-2 2
-1 1
-3 2
-2 1
-1 1
-2 1
0 0
0 0
0 0
-1 0
0 1
-1 2
-1 1
0 1
0 1
0 2
0 0
0 0
0 0
0 1
0 0
0 0
0 0
0 0
0 0
0 0
END
1
0 0
0 0
0 0
0 0
0 0
0 0
0 0
0 0
0 0
0 0
0 0
0 0
0 0
0 0
0 0
0 0
0 0
0 0
0 0
0 0
0 0
0 0
0 0
0 0
0 0
0 0
0 0
0 0
0 0
0 0
0 0
0 0
0 0
0 0
0 0
0 0
0 0
0 0
0 0
0 0
0 0
0 0
0 0
0 0
0 0
0 0
0 0
0 0
0 0
0 0
0 0
-2 0
-1 0
-5 0
-7 0
-7 0
-8 0
-4 -1
-13 -2
-9 0
-13 -2
-20 -2
-11 -4
-10 -2
-6 0
-3 -2
-5 0
-7 0
-11 0
-6 -1
-5 -1
-2 0
-1 0
-1 0
-1 -1
-1 0
-2 0
-3 -1
-2 0
-1 0
0 0
0 -1
-3 0
-3 0
-3 -2
-2 -1
-2 0
-3 -1
-1 -1
-2 0
0 0
0 0
0 0
0 0
0 0
0 0
0 0
0 0
0 0
0 0
0 0
0 0
-1 1
-1 1
-1 1
-1 1
-1 2
-2 1
0 0
0 0
-1 1
0 1
0 0
-1 1
0 1
-1 1
0 1
0 0
0 0
0 1
0 1
0 2
0 1
0 1
0 0
0 1
0 1
0 0
0 1
0 0
0 0
0 0
0 0
0 0
0 0
0 0
0 0
0 0
0 0
END
[ACTIONS]
[SCORE]
34