[LEVEL]
./assets/levels/level2.txt
[MISSILES]
0
0 0
0 0
0 0
0 0
0 0
0 0
0 0
0 0
0 0
0 0
0 0
0 0
0 0
0 0
0 0
0 0
0 0
0 0
0 0
0 0
0 0
0 0
0 0
0 0
0 0
0 0
0 0
0 0
0 0
0 0
0 0
0 0
0 0
0 0
0 0
0 0
0 0
0 0
0 0
0 0
0 0
0 0
0 0
0 0
0 0
0 0
0 0
0 0
0 0
0 0
0 0
0 0
0 0
0 0
0 0
0 0
0 0
0 0
0 0
0 0
0 0
0 0
0 0
0 0
0 0
0 0
0 0
0 0
0 0
0 0
0 0
0 0
0 0
0 0
0 0
0 0
0 0
0 0
0 0
0 0
0 0
0 0
0 0
0 0
0 0
0 0
0 0
0 0
0 0
0 0
0 0
0 0
0 0
0 0
0 0
0 0
0 0
0 0
0 0
0 0
0 0
0 0
0 0
0 0
0 0
0 0
0 0
0 0
0 0
0 0
0 0
0 0
0 0
0 0
0 0
0 0
0 0
0 0
0 0
0 0
0 0
0 0
0 0
0 0
0 0
0 0
0 0
-1 0
-1 0
-2 0
-2 -1
-2 0
-2 -1
-1 0
-2 0
-1 0
0 -1
0 0
0 0
0 0
0 0
-1 0
0 0
0 0
0 0
0 0
0 0
0 0
0 0
0 0
0 0
0 0
0 0
0 0
0 0
0 0
0 0
0 0
-1 0
0 -1
-1 0
0 0
-1 -1
-1 0
-2 -1
-1 0
-1 0
-1 -1
0 -1
-1 0
-1 0
-1 0
-1 0
-1 -1
-1 0
-1 0
-1 0
-1 0
-1 0
-1 0
-1 0
-1 0
-1 0
-1 0
-1 0
-1 0
-1 0
0 0
0 1
0 0
0 0
0 1
0 1
-1 1
0 1
0 1
0 1
1 0
1 1
1 0
1 0
1 0
1 1
1 1
1 1
1 1
1 0
0 0
1 1
0 0
0 0
0 0
0 0
0 1
-1 1
-1 0
-1 0
-1 0
-1 0
-1 0
0 0
0 0
0 0
0 0
0 0
1 0
1 0
1 0
2 0
2 0
2 0
1 0
0 0
0 0
0 -1
0 -1
-2 -1
-2 0
-3 -1
-1 0
0 -1
-1 0
-1 -1
0 0
0 -1
0 -1
0 -1
0 -1
0 -1
0 -1
1 0
0 -1
1 0
1 0
2 0
2 0
2 1
2 1
1 0
2 0
1 0
1 0
0 0
0 0
0 0
0 0
0 0
0 0
0 0
0 0
0 0
0 0
1 0
1 1
1 1
0 1
1 1
1 1
1 0
1 1
1 0
1 1
1 0
1 0
1 1
1 0
1 0
1 1
0 1
1 0
1 1
1 0
1 1
0 1
1 0
0 1
0 1
1 0
0 1
0 1
1 0
0 0
0 0
0 0
0 0
0 0
0 0
0 0
0 0
0 0
0 0
0 0
0 0
0 0
0 0
-1 -1
-1 0
-1 0
-1 0
-1 -1
-1 0
-1 -1
-1 0
0 0
0 0
0 0
-1 0
0 0
0 0
0 0
0 0
0 0
0 0
-1 0
-1 0
-1 0
-1 0
-1 0
-1 -1
-2 0
-1 0
0 0
-1 0
-1 0
0 0
-1 0
0 0
-1 0
0 0
0 0
0 0
0 0
0 0
0 0
0 0
0 0
0 0
0 0
0 0
0 0
0 0
0 0
0 0
0 0
0 0
0 0
0 0
0 0
0 0
0 0
0 0
0 0
0 0
0 0
0 0
-1 0
-1 0
-1 0
0 -1
-1 0
-2 0
-1 0
-1 0
-1 0
-1 0
-1 0
-1 0
0 0
0 0
0 0
0 0
0 0
0 0
-1 -1
-1 0
-1 0
-1 -1
-2 0
-2 0
-3 -1
-2 0
-2 -1
-2 0
-1 0
-1 -1
0 0
0 0
0 0
0 0
0 0
0 0
0 0
0 0
END
2
0 0
0 0
0 0
0 0
0 0
0 0
0 0
0 0
0 0
0 0
0 0
0 0
0 0
0 0
0 0
0 0
0 0
0 0
0 0
0 0
0 0
0 0
0 0
0 0
0 0
0 0
0 0
0 0
0 0
0 0
0 0
0 0
0 0
0 0
0 0
0 0
0 0
0 0
0 0
0 0
0 0
0 0
0 0
0 0
0 0
0 0
0 0
0 0
0 0
0 0
0 0
0 0
0 0
0 0
0 0
0 0
0 0
0 0
0 0
0 0
0 0
0 0
0 0
0 0
0 0
0 0
0 0
0 0
0 0
0 0
0 0
0 0
0 0
0 0
0 0
0 1
-1 0
-1 0
-1 0
-1 0
-1 0
-1 -1
-1 0
-2 0
-1 -1
-2 0
-1 0
-1 0
-1 0
0 -1
-1 0
-1 0
0 -1
-1 -1
-1 0
-1 0
END
2
0 0
0 0
0 0
0 0
0 0
0 0
0 0
0 0
0 0
0 0
0 0
0 0
0 0
0 0
0 0
0 0
0 0
0 0
0 0
0 0
0 0
0 0
0 0
0 0
0 0
0 0
0 0
0 0
0 0
0 0
0 0
0 0
0 0
0 0
0 0
0 0
0 0
0 0
0 0
0 0
0 0
0 0
0 0
0 0
-1 0
-1 0
-2 0
-2 -1
-3 0
-3 -1
-4 0
-4 -1
-2 -1
-4 -1
-3 -1
-2 -2
-2 0
-3 0
-2 0
-1 0
0 0
0 0
0 0
0 0
-1 0
-1 -1
-1 0
0 -1
0 -1
END
0
0 0
0 0
0 0
0 0
0 0
0 0
0 0
0 0
0 0
0 0
0 0
0 0
0 0
0 0
0 0
0 0
0 0
0 0
0 0
0 0
0 0
0 0
0 0
0 0
0 0
0 0
0 0
0 0
0 0
0 0
0 0
0 0
0 0
0 0
0 0
0 0
0 0
0 0
0 0
0 0
0 0
0 0
0 0
0 0
0 0
0 0
0 0
0 0
0 0
0 0
0 0
0 0
0 0
0 0
0 0
0 0
0 0
0 0
0 0
0 0
0 0
0 0
0 0
0 0
0 0
0 0
-1 -1
-1 0
-2 -1
-1 -1
-2 -1
-3 -2
-2 -1
-2 -1
-2 -1
-2 -2
-1 -1
-1 0
-1 0
-1 0
-1 0
-1 0
-1 -1
-1 0
-1 0
-1 -1
0 -1
-1 -1
-1 -1
-2 -1
-1 0
-1 0
-1 0
-1 0
-1 0
END
3
0 0
0 0
0 0
0 0
0 0
0 0
0 0
0 0
0 0
0 0
0 0
0 0
0 0
0 0
0 0
0 0
0 0
0 0
0 0
0 0
0 0
0 0
0 0
0 0
0 0
0 0
0 0
0 0
0 0
0 0
0 0
0 0
0 0
0 0
0 0
0 0
0 0
0 0
0 0
0 0
0 0
0 0
0 0
0 0
0 0
0 0
0 0
0 0
0 0
0 0
0 0
0 0
0 0
0 0
0 0
0 0
0 0
0 0
0 0
0 0
0 0
0 0
0 0
0 0
0 0
0 0
0 0
0 0
0 0
0 0
0 0
0 0
0 0
0 0
0 0
0 0
0 0
0 0
0 0
0 0
0 0
0 0
0 0
0 0
0 0
0 0
0 0
0 0
0 0
0 0
0 0
0 0
0 0
0 0
0 0
0 0
0 0
0 0
0 0
0 0
0 0
0 0
0 0
0 0
0 0
0 0
0 0
0 0
0 0
0 0
0 0
0 0
0 0
0 0
0 0
0 0
0 0
0 0
0 0
0 0
0 0
0 0
0 0
0 0
0 0
0 0
0 0
0 0
0 0
0 0
0 0
0 0
0 0
0 0
0 0
0 0
0 0
0 0
0 0
0 0
0 0
0 0
0 0
0 0
0 0
0 0
0 0
0 0
0 0
0 0
0 0
0 0
0 0
0 0
0 0
0 0
0 0
0 0
1 0
1 0
2 0
1 1
1 0
1 0
1 0
1 0
2 0
1 0
2 1
1 0
1 1
1 0
1 0
1 1
1 0
1 1
1 0
1 1
1 0
1 0
END
1
0 0
0 0
0 0
0 0
0 0
0 0
0 0
0 0
0 0
0 0
0 0
0 0
0 0
0 0
0 0
0 0
0 0
0 0
0 0
0 0
0 0
0 0
0 0
0 0
0 0
0 0
0 0
0 0
0 0
0 0
0 0
0 0
0 0
0 0
0 0
0 0
0 0
0 0
0 0
0 0
0 0
0 0
0 0
0 0
0 0
0 0
0 0
0 0
0 0
0 0
0 0
0 0
0 0
0 0
0 0
0 0
0 0
0 0
0 0
0 0
0 0
0 0
0 0
0 0
0 0
0 0
0 0
0 0
0 0
-1 0
-1 -1
-1 -1
-1 0
-3 0
-1 0
-2 0
0 -1
-1 0
-1 0
-1 0
-1 0
0 -1
-1 -1
-1 0
0 -1
-1 0
-1 0
-1 0
-1 -1
-1 0
-1 0
-1 0
-1 0
-1 0
-1 0
-1 0
-1 0
-1 0
-1 0
0 -1
-1 0
-1 0
-1 0
-1 0
-1 0
-1 0
-1 0
-1 0
-1 0
-1 -1
-1 0
-1 -1
-1 0
-1 0
-1 0
-1 0
-1 0
-1 0
-1 0
-1 0
-1 0
-1 0
-1 0
-1 0
-1 0
-1 -1
-1 0
-1 0
-1 0
-1 0
-1 0
-1 0
-1 0
-1 0
-1 0
-1 -1
-1 0
-1 0
-1 0
-1 0
-1 -1
-1 0
0 -1
-1 -1
-1 0
-1 0
-1 -1
-1 0
-1 0
0 -1
-1 0
-1 0
-1 0
-1 -1
0 -1
0 -1
-1 0
-1 0
-1 0
-1 0
-1 0
0 -1
-1 0
-1 0
0 -1
-1 0
0 -1
-1 0
0 0
-1 0
-1 0
-1 0
-1 0
0 0
-1 0
-1 0
-1 0
-1 0
-1 0
-1 0
0 -1
-1 0
-1 0
0 -1
0 0
-1 0
-1 0
0 0
-1 0
-1 0
-1 0
-1 -1
-1 0
-1 0
-1 0
-1 0
-1 0
-1 0
0 0
-1 0
0 0
-1 0
-1 0
-1 0
-1 0
-1 0
-1 0
0 -1
-1 0
-1 0
0 -1
0 -1
0 -1
0 -1
0 -1
0 0
0 -1
0 -1
0 -1
0 -1
0 -1
0 -1
0 -1
0 -1
0 -1
0 -1
0 -1
0 -1
0 0
0 0
0 0
0 0
0 -1
0 0
0 0
0 0
0 0
0 0
0 0
0 0
0 0
0 0
0 0
0 0
0 0
0 0
0 0
0 -1
0 0
END
0
0 0
0 0
0 0
0 0
0 0
0 0
0 0
0 0
0 0
0 0
0 0
0 0
0 0
0 0
0 0
0 0
0 0
0 0
0 0
0 0
0 0
0 0
0 0
0 0
0 0
0 0
0 0
0 0
0 0
0 0
0 0
0 0
0 0
0 0
0 0
0 0
0 0
0 0
0 0
0 0
0 0
0 0
0 0
0 0
0 0
0 0
0 0
0 0
0 0
0 0
0 0
0 0
0 0
0 0
0 0
0 0
0 0
0 0
0 0
0 0
0 0
0 0
0 0
0 0
0 0
0 0
0 0
0 0
0 0
0 0
0 0
0 0
0 0
0 0
0 0
0 0
0 0
0 0
0 0
0 0
0 0
0 0
0 0
0 0
0 0
0 0
0 0
0 0
0 0
0 0
0 0
0 0
0 0
0 0
0 0
0 0
0 0
0 0
0 0
0 0
0 0
0 0
0 0
0 0
0 0
0 0
0 0
0 0
0 0
0 0
0 0
0 0
0 0
0 0
0 0
0 0
0 0
0 0
0 0
0 0
0 0
0 0
0 0
0 0
0 0
0 0
0 0
0 0
0 0
0 0
0 0
0 0
0 0
0 0
0 0
0 0
0 0
0 0
0 0
0 0
0 0
0 0
0 0
0 0
0 0
0 0
0 0
0 0
0 0
0 0
0 0
0 0
0 0
0 0
0 0
0 0
0 0
0 0
0 0
0 0
0 0
0 0
0 0
0 0
0 0
0 0
0 0
0 0
0 0
0 0
0 0
0 0
0 0
0 0
0 0
0 0
0 0
0 0
0 0
0 0
0 0
0 0
0 0
0 0
-1 0
-1 -1
-1 0
-2 -1
-4 0
-3 -1
-5 -1
-5 0
-6 -1
-5 -1
-5 -2
-6 -2
-5 -1
-4 0
-3 -2
-2 0
-2 -1
-1 0
-1 -1
-1 0
-1 0
-1 0
-1 0
-1 0
-1 0
-1 0
-2 -1
-1 0
-1 0
-2 0
-1 0
-1 0
-1 0
-1 0
END
0
0 0
0 0
0 0
0 0
0 0
0 0
0 0
0 0
0 0
0 0
0 0
0 0
0 0
0 0
0 0
0 0
0 0
0 0
0 0
0 0
0 0
0 0
0 0
0 0
0 0
0 0
0 0
0 0
0 0
0 0
0 0
0 0
0 0
0 0
0 0
0 0
0 0
0 0
0 0
0 0
0 0
0 0
0 0
0 0
0 0
0 0
0 0
0 0
0 0
0 0
0 0
0 0
0 0
0 0
0 0
0 0
0 0
0 0
0 0
0 0
0 0
0 0
0 0
0 0
0 0
0 0
0 0
0 0
0 0
0 0
0 0
0 0
0 0
0 0
0 0
0 0
0 0
0 0
0 0
0 0
0 0
0 0
0 0
0 0
0 0
0 0
0 0
0 0
0 0
0 0
0 -1
-2 0
-2 0
-5 -1
-5 -1
-5 0
-4 -1
-4 0
-4 -1
-2 0
-2 0
-2 0
-2 0
-2 0
-2 0
-2 0
-2 -1
-2 0
-2 0
-1 0
-2 0
-1 0
-2 0
-2 -1
-2 -1
-1 0
-1 -1
-1 0
-1 0
-1 0
-1 0
-1 0
-2 0
-2 0
-2 0
-1 0
-1 0
-1 0
-1 0
-1 0
-1 0
-1 0
-1 0
-2 0
-1 0
-1 0
-1 -1
-1 0
-1 0
-1 0
-1 -1
-1 0
-1 0
-1 0
-1 0
-1 0
-1 0
-1 0
-1 0
-1 -1
-1 0
-1 0
-1 0
-2 0
0 -1
0 0
0 0
0 0
0 0
0 0
0 0
END
2
0 0
0 0
0 0
0 0
0 0
0 0
0 0
0 0
0 0
0 0
0 0
0 0
0 0
0 0
0 0
0 0
0 0
0 0
0 0
0 0
0 0
0 0
0 0
0 0
0 0
0 0
0 0
0 0
0 0
0 0
0 0
0 0
0 0
0 0
0 0
0 0
0 0
0 0
0 0
0 0
0 0
0 0
0 0
0 0
0 0
0 0
0 0
-1 0
0 -1
-2 0
-3 0
-4 0
-5 -1
-6 -2
-4 -1
-4 -1
-5 -1
-5 0
-5 0
-4 -1
-4 0
-4 0
-4 0
-3 0
-1 -1
-1 -1
-1 0
-1 0
-1 -1
-1 0
-2 0
-2 0
-1 0
-2 0
-1 0
-1 0
-2 0
-2 0
-2 0
-1 0
-1 0
-1 0
-1 0
-1 0
-1 0
-1 0
-1 0
-1 0
-1 0
-1 0
-2 0
-1 0
-1 0
-1 0
-1 0
0 0
END
2
0 0
0 0
0 0
0 0
0 0
0 0
0 0
0 0
0 0
0 0
0 0
0 0
0 0
0 0
0 0
0 0
0 0
0 0
0 0
0 0
0 0
0 0
0 0
0 0
0 0
0 0
0 0
0 0
0 0
0 0
0 0
0 0
-1 0
-1 -1
-1 -1
-3 -1
-3 -1
-5 -1
-6 -1
-6 -2
-6 -1
-6 -1
-4 -1
-6 0
-5 0
-5 0
-4 0
-3 0
-3 0
-2 0
-1 0
-1 0
-1 0
-1 0
-1 0
-1 0
-2 0
-2 -1
-1 0
-2 0
-2 0
-1 0
-1 0
-1 0
-1 0
END
3
0 0
0 0
0 0
0 0
0 0
0 0
0 0
0 0
0 0
0 0
0 0
0 0
0 0
0 0
0 0
0 0
0 0
0 0
0 0
0 0
0 0
0 0
0 0
0 0
0 0
0 0
0 0
0 0
0 0
0 0
0 0
0 0
0 0
0 0
0 0
0 0
0 0
0 0
0 0
0 0
0 0
0 0
0 0
0 0
0 0
0 0
0 0
0 0
0 0
0 0
0 0
0 0
0 0
0 0
0 0
0 0
0 0
0 0
0 0
0 0
0 0
0 0
0 0
0 0
0 0
0 0
0 0
0 0
0 0
0 0
0 0
0 0
0 0
0 0
0 0
0 0
0 0
0 0
0 0
0 0
0 0
0 0
0 0
0 0
0 0
0 0
0 0
0 0
0 0
0 0
0 0
0 0
0 0
0 0
0 0
0 0
0 0
0 0
0 0
0 0
0 0
0 0
0 0
0 0
0 0
0 0
0 0
0 0
0 0
0 0
0 0
0 0
0 0
0 0
0 0
0 0
0 0
0 0
0 0
0 0
0 0
0 0
0 0
0 0
0 0
0 0
0 0
0 0
0 0
0 0
0 0
0 0
0 0
0 0
0 0
0 0
0 0
0 0
0 0
0 0
0 0
0 0
0 0
0 0
0 0
0 0
0 0
0 0
0 0
0 0
0 0
0 0
0 0
0 0
0 0
0 0
0 0
0 0
0 0
0 0
-1 0
-1 0
-1 0
-1 0
-1 0
-2 0
-1 0
-2 0
-2 -1
-2 0
-4 -1
-3 0
-4 0
-4 0
-5 0
-5 0
-6 -1
-5 -1
-5 -1
-3 -1
-4 0
-4 -1
-3 0
-2 0
-3 0
-3 0
-3 0
-3 -1
-3 -1
-3 0
-2 0
-3 -1
-1 0
-1 0
-2 -1
-2 0
-1 0
-1 0
-1 0
-2 0
-1 0
-1 -1
-1 0
-1 0
-1 0
-1 0
-1 0
-1 0
-1 0
-1 0
END
3
0 0
0 0
0 0
0 0
0 0
0 0
0 0
0 0
0 0
0 0
0 0
0 0
0 0
0 0
0 0
0 0
0 0
0 0
0 0
0 0
0 0
0 0
0 0
0 0
0 0
0 0
0 0
0 0
0 0
0 0
0 0
0 0
0 0
0 0
0 0
0 0
0 0
0 0
0 0
0 0
0 0
0 0
0 0
0 0
0 0
0 0
0 0
0 0
0 0
0 0
0 0
0 0
0 0
0 0
0 0
0 0
0 0
0 0
0 0
0 0
0 0
0 0
0 0
0 0
0 0
0 0
0 0
0 0
0 0
0 0
0 0
0 0
0 0
0 0
0 0
-1 0
-1 0
-1 0
-2 0
-5 0
-5 -1
-6 -1
-6 -1
-6 0
-5 0
-6 -1
-5 0
-5 -1
-4 -1
-4 -1
-4 0
-2 -1
-2 -1
-3 0
-3 -1
-3 -1
-3 0
-3 0
-2 0
-1 0
-1 0
-2 0
-1 0
-1 0
END
2
0 0
0 0
0 0
0 0
0 0
0 0
0 0
0 0
0 0
0 0
0 0
0 0
0 0
0 0
0 0
0 0
0 0
0 0
0 0
0 0
0 0
0 0
0 0
0 0
0 0
0 0
0 0
0 0
0 0
0 0
0 0
0 0
0 0
0 0
0 0
0 0
0 0
0 0
0 0
0 0
0 0
0 0
0 0
0 0
0 0
-1 0
0 -1
-1 -1
-1 0
-1 0
-2 -1
-2 0
-2 -1
-3 -1
-3 0
-3 0
-5 -1
-5 -1
-5 -1
-5 0
-5 -1
-5 0
-4 0
-4 0
-4 0
-3 0
-3 0
-2 0
-2 -1
-2 -1
-2 0
-3 0
-3 0
-2 0
-3 0
-3 0
-3 0
-2 0
-3 0
-2 0
-2 0
0 0
0 -1
0 -1
0 0
0 -1
0 0
0 0
0 0
0 -1
0 0
0 0
0 0
END
1
0 0
0 0
0 0
0 0
0 0
0 0
0 0
0 0
0 0
0 0
0 0
0 0
0 0
0 0
0 0
0 0
0 0
0 0
0 0
0 0
0 0
0 0
0 0
0 0
0 0
0 0
0 0
0 0
0 0
0 0
0 0
0 0
0 0
0 0
0 0
0 0
0 0
0 0
0 0
0 0
0 0
0 0
0 0
0 0
0 0
0 0
0 0
0 0
0 0
0 0
0 0
0 0
0 0
0 0
0 0
0 0
0 0
0 0
0 0
0 0
0 0
0 0
0 0
0 0
0 0
0 0
0 0
0 0
0 0
0 0
0 0
0 0
0 0
0 0
0 0
0 0
0 0
0 0
0 0
0 0
0 0
0 0
0 0
0 0
0 0
0 0
0 0
0 0
0 0
0 0
0 0
0 0
0 0
0 0
0 0
0 0
0 0
0 0
0 0
0 0
0 0
0 0
0 0
0 0
0 0
0 0
0 0
0 0
0 0
0 0
0 0
0 0
0 0
0 0
0 0
0 0
0 0
0 0
0 0
0 0
0 0
0 0
0 0
0 0
0 0
0 0
0 0
0 0
0 0
0 0
0 0
0 0
0 0
0 0
0 0
0 0
0 0
0 0
-1 0
-1 0
-2 0
-2 0
-4 -1
-4 -1
-2 0
-4 -1
-4 -1
-6 -1
-5 -1
-5 -1
-5 0
-4 -1
-5 -1
-5 -1
-4 -1
-2 -1
-3 -1
-3 -1
-1 -1
-3 0
-3 0
-3 0
-1 0
-3 0
-2 -1
-2 0
-2 0
-1 0
-1 0
END
0
0 0
0 0
0 0
0 0
0 0
0 0
0 0
0 0
0 0
0 0
0 0
0 0
0 0
0 0
0 0
0 0
0 0
0 0
0 0
0 0
0 0
0 0
0 0
0 0
0 0
0 0
0 0
0 0
0 0
0 0
0 0
0 0
0 0
0 0
0 0
-1 0
-1 0
-2 -1
-2 -1
-3 -1
-4 -1
-5 -1
-4 -1
-5 -1
-5 0
-4 0
-4 -1
-4 0
-4 -1
-5 0
-4 0
-4 0
-4 -1
-5 -1
-4 0
-4 0
-5 0
-4 0
-4 0
-3 0
-3 0
-2 0
-3 0
END
0
0 0
0 0
0 0
0 0
0 0
0 0
0 0
0 0
0 0
0 0
0 0
0 0
0 0
0 0
0 0
0 0
0 0
0 0
0 0
0 0
0 0
0 0
0 0
0 0
0 0
0 0
0 0
0 0
0 0
0 0
0 0
0 0
0 0
0 0
0 0
0 0
0 0
0 0
0 0
0 0
0 0
-1 0
-1 0
-2 0
-4 -1
-4 -1
-6 -1
-6 -1
-6 -1
-6 -1
-4 -1
-4 0
-4 -1
-5 0
-4 -1
-4 -1
-4 0
-5 -1
-4 0
-5 0
-4 -1
-5 0
-5 0
-5 0
-4 -1
-3 0
0 -1
0 -1
0 0
0 0
0 0
0 0
0 0
0 0
0 0
0 0
0 0
0 0
0 0
0 0
END
2
0 0
0 0
0 0
0 0
0 0
0 0
0 0
0 0
0 0
0 0
0 0
0 0
0 0
0 0
0 0
0 0
0 0
0 0
0 0
0 0
0 0
0 0
0 0
0 0
0 0
0 0
0 0
0 0
0 0
0 0
0 0
0 0
0 0
0 0
0 0
0 0
0 0
0 0
0 0
0 0
0 0
0 0
0 0
0 0
0 0
0 0
0 0
0 0
0 0
0 0
0 0
0 0
0 0
0 0
0 0
0 0
0 0
0 0
0 0
0 0
0 0
0 0
0 0
0 0
0 0
0 0
0 0
0 0
0 0
0 0
0 0
0 0
0 0
0 0
0 0
0 0
0 0
0 0
0 0
0 0
0 0
0 0
0 0
0 0
0 0
0 0
0 0
0 0
0 0
0 0
0 0
0 0
0 0
0 0
0 0
0 0
0 0
0 0
0 0
0 0
0 0
0 0
0 0
0 0
0 0
0 0
0 0
0 0
-1 0
-1 0
-1 0
-3 0
-4 0
-3 0
-5 -1
-5 -1
-6 0
-5 -1
-7 0
-7 -1
-7 0
-7 -1
-6 0
-4 -1
-4 0
-4 0
-5 -1
-4 -1
-4 0
-3 -1
-2 0
-2 0
0 0
END
1
0 0
0 0
0 0
0 0
0 0
0 0
0 0
0 0
0 0
0 0
0 0
0 0
0 0
0 0
0 0
0 0
0 0
0 0
0 0
0 0
0 0
0 0
0 0
0 0
0 0
-1 0
-1 -1
-2 0
-5 -1
-6 -1
-8 -1
-7 -1
-7 0
-6 -1
-5 0
-5 0
-4 0
-4 0
-5 0
-2 0
-2 0
-1 0
-2 0
-1 0
-1 0
-1 0
-1 0
-1 0
END
1
0 0
0 0
0 0
0 0
0 0
0 0
0 0
0 0
0 0
0 0
0 0
0 0
0 0
0 0
0 0
0 0
0 0
0 0
0 0
0 0
0 0
-1 0
-2 0
-4 0
-5 0
-7 -1
-6 -1
-7 -1
-7 -1
-5 0
-6 -1
-5 -1
-6 0
-7 -1
-6 0
-6 0
-5 -1
-4 0
-2 0
-4 0
-4 0
-5 0
-6 0
0 0
0 1
0 1
0 0
END
1
0 0
0 0
0 0
0 0
0 0
0 0
0 0
0 0
0 0
0 0
0 0
0 0
0 0
0 0
0 0
0 0
0 0
0 0
0 0
0 0
0 0
0 0
0 0
0 0
0 0
0 0
0 0
0 0
-1 -1
-2 0
-2 0
-3 -1
-4 -1
-6 -1
-5 0
-4 0
-5 -1
-5 -1
-5 -1
-4 -1
-5 0
-5 0
-4 0
-3 0
-2 0
-3 0
-4 0
-3 0
-4 0
-4 1
-4 0
-2 0
-3 0
-1 0
-1 0
-1 0
-1 0
END
2
0 0
0 0
0 0
0 0
0 0
0 0
0 0
0 0
0 0
0 0
0 0
0 0
0 0
0 0
0 0
0 0
0 0
0 0
0 0
0 0
0 0
-1 0
-1 0
-2 -1
-4 -2
-5 -2
-5 -2
-5 -1
-6 -2
-5 -1
-6 -1
-6 0
-5 0
-5 0
-5 -1
-4 -1
-4 0
-3 0
-3 0
-3 0
-3 0
-3 -1
-3 0
-3 0
-3 0
-3 0
-2 0
-1 0
-1 0
0 0
0 0
0 0
0 0
-1 0
-1 0
0 1
-1 0
END
0
0 0
0 0
0 0
0 0
0 0
0 0
0 0
0 0
0 0
0 0
0 0
0 0
0 0
0 0
0 0
0 0
0 0
0 0
0 0
0 0
0 0
0 0
0 0
-1 0
-2 -1
-3 0
-4 0
-5 -1
-6 -1
-7 -1
-7 -1
-6 0
-8 -1
-7 -1
-7 -1
-6 -2
-6 -1
-5 -1
-4 0
-3 0
-3 0
-2 0
-2 0
-3 0
-2 1
-2 0
END
2
0 0
0 0
0 0
0 0
0 0
0 0
0 0
0 0
0 0
0 0
0 0
0 0
0 0
0 0
0 0
0 0
0 0
0 0
0 0
0 0
0 0
0 0
0 0
0 0
0 0
0 0
0 0
0 0
0 0
0 0
0 0
0 0
0 0
0 0
0 0
0 0
0 0
0 0
0 0
0 0
0 0
0 0
0 0
0 0
0 0
0 0
0 0
0 0
0 0
0 0
0 0
0 0
0 0
0 0
0 0
0 0
0 0
0 0
0 0
0 0
0 0
0 0
0 0
0 0
0 0
0 0
0 0
0 0
0 0
0 0
0 0
0 0
0 0
0 0
0 0
0 0
0 0
0 0
0 0
0 0
0 0
0 0
0 0
0 0
0 0
0 0
0 0
0 0
0 0
0 0
0 0
0 0
0 0
0 0
-1 -1
-1 0
-3 -1
-4 -1
-6 -1
-7 -1
-7 0
-7 -1
-7 0
-7 -1
-7 -1
-7 -1
-6 -1
-5 -1
-5 -1
-5 -1
-6 0
-7 0
0 1
0 1
0 1
0 1
0 1
END
0
0 0
0 0
0 0
0 0
0 0
0 0
0 0
0 0
0 0
0 0
0 0
0 0
0 0
0 0
0 0
0 0
0 0
0 0
0 0
0 0
0 0
0 0
0 0
0 0
0 0
0 0
0 -1
-1 0
-1 0
-3 0
-4 0
-5 -1
-5 0
-5 -1
-5 -1
-4 0
-5 0
-6 -1
-6 0
-5 0
-5 -1
-5 0
-5 -1
-3 -1
-3 -1
-5 0
-4 0
-4 0
-3 0
-3 0
-3 0
-2 0
-2 0
-1 0
-2 0
0 0
END
2
0 0
0 0
0 0
0 0
0 0
0 0
0 0
0 0
0 0
0 0
0 0
0 0
0 0
0 0
0 0
0 0
0 0
0 0
0 0
0 0
0 0
0 0
0 0
0 0
-1 0
-1 0
-2 0
-3 0
-4 0
-4 0
-5 -1
-4 0
-4 -1
-6 0
-5 0
-6 -1
-6 0
-5 -1
-5 0
-4 0
-4 0
-3 -1
-3 -1
-3 -1
-3 -1
-2 0
-2 0
-1 0
0 0
END
2
0 0
0 0
0 0
0 0
0 0
0 0
0 0
0 0
0 0
0 0
0 0
0 0
0 0
0 0
0 0
0 0
0 0
0 0
0 0
0 0
0 0
0 0
0 0
0 0
0 0
0 0
0 0
0 0
-1 0
-1 -1
-1 0
-3 0
-4 0
-6 0
-6 -1
-7 -1
-7 0
-7 -1
-7 0
-7 0
-7 -1
-7 -1
-7 0
-7 0
-6 0
-5 -1
-4 0
-3 0
-2 0
-2 0
-2 0
-1 0
0 0
END
0
0 0
0 0
0 0
0 0
0 0
0 0
0 0
0 0
0 0
0 0
0 0
0 0
0 0
0 0
0 0
0 0
0 0
0 0
0 0
0 0
0 0
-1 0
-1 0
-1 0
-1 0
-3 0
-3 -2
-5 -1
-4 0
-5 -1
-6 -1
-6 0
-6 0
-5 -1
-5 -1
-5 -1
-4 -1
-4 0
-4 -1
-3 0
-2 0
-3 0
-3 0
-2 0
-2 0
-2 0
-1 0
-2 0
-2 1
-2 0
-2 0
-2 0
-1 0
-1 0
-1 0
-1 0
-2 0
-2 0
0 -1
0 0
0 1
0 1
0 1
0 1
0 0
0 0
0 0
0 0
0 0
0 0
END
3
0 0
0 0
0 0
0 0
0 0
0 0
0 0
0 0
0 0
0 0
0 0
0 0
0 0
0 0
0 0
0 0
0 0
0 0
0 0
0 0
0 0
0 0
0 0
0 0
0 0
0 0
0 0
0 0
0 0
0 0
0 0
0 0
0 0
0 0
0 0
0 0
0 0
0 0
0 0
0 0
0 0
0 0
0 0
0 0
0 0
0 0
0 0
0 0
0 0
0 0
0 0
0 0
0 0
0 0
0 0
0 0
0 0
0 0
0 0
0 0
0 0
0 0
0 0
0 0
0 0
0 0
0 0
0 0
0 0
0 0
0 0
0 0
0 0
0 0
0 0
0 0
0 0
0 0
0 0
0 0
0 0
0 -1
0 -1
-1 0
-2 0
-2 0
-4 0
-5 0
-5 0
-6 -1
-6 0
-6 -1
-6 -1
-4 -1
-2 -1
-4 -1
-3 -1
-2 -2
-2 0
-2 -1
-2 0
-1 0
-2 -1
-2 -1
-1 -1
-2 0
-1 0
-1 0
-1 0
-1 0
-1 0
-1 0
0 0
-1 -1
-1 0
-1 0
0 0
END
1
0 0
0 0
0 0
0 0
0 0
0 0
0 0
0 0
0 0
0 0
0 0
0 0
0 0
0 0
0 0
0 0
0 0
0 0
0 0
0 0
0 0
0 0
0 0
0 0
0 0
0 0
0 0
0 0
0 0
0 0
0 0
0 0
0 0
0 0
0 0
0 0
0 0
0 0
0 0
0 0
0 0
0 0
0 0
0 0
0 0
0 0
0 0
0 0
0 0
0 0
0 0
0 0
0 0
0 0
0 0
0 0
0 0
0 0
0 0
0 0
0 0
0 0
0 0
0 0
0 0
0 0
0 0
0 0
0 0
0 0
0 0
0 0
0 0
0 0
0 0
0 0
0 0
0 0
0 0
0 0
0 0
0 0
0 0
0 0
0 0
0 0
0 0
0 0
0 0
0 0
0 0
0 0
0 0
0 0
0 0
0 0
0 0
0 0
0 0
0 0
0 0
0 0
0 0
0 0
0 0
-1 0
-1 0
-2 0
-3 0
-3 0
-5 0
-5 0
-4 1
-5 0
-6 0
-4 0
-5 0
-5 0
-5 0
-4 -1
-4 0
-4 0
-3 0
-4 0
-3 0
-3 0
-2 0
-2 1
-1 0
-1 0
-1 0
-1 0
-1 0
-1 0
-1 0
END
1
0 0
0 0
0 0
0 0
0 0
0 0
0 0
0 0
0 0
0 0
0 0
0 0
0 0
0 0
0 0
0 0
0 0
0 0
0 0
0 0
0 0
0 0
0 0
0 0
0 0
0 0
0 0
0 0
0 0
0 0
0 0
0 0
0 0
0 0
0 0
0 0
0 0
0 0
0 0
0 0
0 0
0 0
-1 0
-1 0
-2 0
-2 0
-4 0
-3 0
-5 0
-4 0
-5 0
-4 0
-4 0
-4 0
-4 0
-2 0
-3 0
-4 0
-3 0
-3 0
-2 0
-2 0
-2 0
-2 1
-2 0
-1 0
-1 0
-1 0
-1 0
-1 0
-1 0
-1 0
-1 0
-1 0
-1 0
-1 0
-1 0
-1 0
-1 0
-1 0
-1 1
-1 1
-1 0
-1 0
-1 0
-1 1
-1 1
0 1
0 1
0 0
-1 0
0 0
0 0
0 0
0 0
END
1
0 0
0 0
0 0
0 0
0 0
0 0
0 0
0 0
0 0
0 0
0 0
0 0
0 0
0 0
0 0
0 0
0 0
0 0
0 0
0 0
0 0
0 0
0 0
0 0
0 0
0 0
0 0
0 0
0 0
0 0
0 0
0 0
0 0
0 0
0 0
0 0
0 0
0 0
0 0
0 0
0 0
0 0
0 0
0 0
0 0
-1 0
-2 0
-2 0
-4 0
-5 0
-6 0
-6 0
-5 0
-5 0
-5 0
-5 0
-5 1
-4 1
-2 1
-2 0
-2 0
-2 0
-1 0
-1 0
-2 0
-2 0
-2 0
-3 0
-2 0
-2 0
-2 0
-1 0
-1 0
-1 0
-1 0
0 0
0 0
-1 0
END
1
0 0
0 0
0 0
0 0
0 0
0 0
0 0
0 0
0 0
0 0
0 0
0 0
0 0
0 0
0 0
0 0
0 0
0 0
0 0
0 0
0 0
0 0
0 0
0 0
0 0
0 0
0 0
-1 0
-1 1
-1 0
-3 0
-3 0
-4 0
-5 0
-5 0
-5 0
-7 1
-5 0
-6 0
-5 0
-4 0
-3 0
-3 1
-3 0
-3 1
-3 0
-2 0
-2 0
-1 0
-1 0
-1 0
-1 1
-1 0
-1 0
-1 0
-1 0
-1 0
-1 0
-1 0
-1 0
-1 0
END
1
0 0
0 0
0 0
0 0
0 0
0 0
0 0
0 0
0 0
0 0
0 0
0 0
0 0
0 0
0 0
0 0
0 0
0 0
0 0
0 0
0 0
0 0
0 0
0 0
0 0
0 0
0 0
0 0
0 0
0 0
0 0
0 0
0 0
0 0
0 0
0 0
0 0
0 0
0 0
0 0
0 0
0 0
0 0
0 0
0 0
0 0
0 0
0 0
0 0
0 0
0 0
0 0
0 0
0 0
0 0
0 0
0 0
0 0
0 0
0 0
0 0
0 0
0 0
0 0
0 0
0 0
0 0
0 0
0 0
0 0
0 0
0 0
0 0
0 0
0 0
0 0
0 0
0 0
0 0
0 0
0 0
0 0
0 0
0 0
0 0
0 0
0 0
0 0
0 0
0 0
0 0
0 0
0 0
0 0
0 0
0 0
0 0
0 0
0 0
0 0
0 0
0 0
0 0
0 0
0 0
0 0
0 0
0 0
0 0
0 0
0 0
0 0
0 0
0 0
0 0
0 0
0 0
0 0
0 0
0 0
0 0
0 0
0 0
-1 0
-1 0
-1 0
-2 0
-3 0
-5 0
-6 1
-5 1
-7 0
-6 0
-5 0
-6 1
-5 0
-6 1
-6 1
-6 0
-4 1
-4 1
-4 1
-3 1
-3 0
-3 1
-2 0
-2 0
-2 0
-1 0
-1 0
0 0
END
0
0 0
0 0
0 0
0 0
0 0
0 0
0 0
0 0
0 0
0 0
0 0
0 0
0 0
0 0
0 0
0 0
0 0
0 0
0 0
0 0
0 0
0 0
0 0
0 0
0 0
0 0
0 0
0 0
0 0
0 0
0 0
0 0
0 0
0 0
0 0
-1 0
-1 -1
-3 0
-3 0
-4 0
-4 0
-5 0
-6 0
-5 0
-5 0
-7 0
-7 0
-9 0
-6 0
-4 0
-4 0
-4 0
-2 0
-3 0
-3 1
-2 0
END
1
0 0
0 0
0 0
0 0
0 0
0 0
0 0
0 0
0 0
0 0
0 0
0 0
0 0
0 0
0 0
0 0
0 0
0 0
0 0
0 0
0 0
0 0
0 0
0 0
0 0
0 0
0 0
0 0
0 0
0 0
0 0
0 0
-1 0
-1 -1
-2 0
-3 0
-5 0
-4 0
-4 0
-6 0
-5 0
-6 0
-5 0
-7 1
-8 0
-6 1
-6 0
-4 1
-4 0
-5 0
-3 1
-3 0
-1 0
-1 0
-1 0
END
1
0 0
0 0
0 0
0 0
0 0
0 0
0 0
0 0
0 0
0 0
0 0
0 0
0 0
0 0
0 0
0 0
-1 0
-2 0
-2 0
-4 0
-7 0
-6 0
-7 0
-6 0
-6 1
-7 0
-7 0
-6 0
-7 1
-8 1
-4 0
-4 0
-3 0
-2 0
-1 0
-1 0
-1 0
END
2
0 0
0 0
0 0
0 0
0 0
0 0
0 0
0 0
0 0
0 0
0 0
0 0
0 0
0 0
0 0
0 0
0 0
0 0
0 0
0 0
0 0
0 0
0 0
0 0
0 0
0 0
0 0
0 0
0 0
0 0
0 0
0 0
0 0
0 0
0 0
0 0
0 0
0 0
0 0
0 0
0 0
0 0
0 0
0 0
0 0
0 0
0 0
0 0
0 0
0 0
0 0
0 0
0 0
0 0
0 0
0 0
0 0
0 0
0 0
0 0
0 0
0 0
0 0
0 0
0 0
0 0
0 0
0 0
0 0
0 0
0 0
0 0
0 0
0 0
0 0
0 0
0 0
0 0
0 0
0 0
0 0
0 0
0 0
0 0
0 0
0 0
0 0
0 0
0 0
0 0
0 0
0 0
0 0
0 0
0 0
0 0
0 0
0 0
0 0
0 0
0 0
0 0
0 0
-1 0
-1 -1
-1 0
-4 0
-4 0
-5 0
-9 0
-9 0
-9 0
-7 0
-8 0
-6 0
-5 0
END
2
0 0
0 0
0 0
0 0
0 0
0 0
0 0
0 0
0 0
0 0
0 0
0 0
0 0
0 0
0 0
0 0
0 0
0 0
0 0
0 0
0 0
0 0
0 0
0 0
0 0
0 0
0 0
0 0
0 0
0 0
0 0
0 0
0 0
0 0
0 0
0 0
0 0
0 0
0 0
0 0
0 0
0 0
0 0
0 0
0 0
0 0
-1 0
-1 0
-1 0
-1 0
-1 0
-1 0
-1 0
-1 0
-1 0
-1 0
-2 0
-2 0
-3 0
-3 0
-3 0
-4 -1
-6 -1
-8 -1
-8 -1
-8 -1
-7 0
-6 0
-5 -1
-5 -1
-5 0
END
3
0 0
0 0
0 0
0 0
0 0
0 0
0 0
0 0
0 0
0 0
0 0
0 0
0 0
0 0
0 0
0 0
0 0
0 0
0 0
0 0
0 0
0 0
0 0
0 0
0 0
0 0
0 0
0 0
0 0
0 0
0 0
0 0
0 0
0 0
0 0
0 0
0 0
-1 0
-1 0
-2 0
-2 0
-4 -1
-4 0
-4 -1
-5 0
-5 -1
-5 -1
-3 0
-3 -1
-4 0
-3 0
-2 0
-3 0
-1 -1
-2 0
-1 0
-2 0
-2 0
-2 0
-1 -1
-1 -1
-1 -1
0 0
END
1
0 0
0 0
0 0
0 0
0 0
0 0
0 0
0 0
0 0
0 0
0 0
0 0
0 0
0 0
0 0
0 0
0 0
0 0
0 0
0 0
0 0
0 0
0 0
0 0
0 0
0 0
0 0
0 0
0 0
0 0
0 0
0 0
0 0
0 0
0 0
0 0
0 0
0 0
0 0
0 0
0 0
0 0
0 0
0 0
0 0
0 0
0 0
0 0
0 0
0 0
0 0
0 0
0 0
0 0
0 0
0 0
0 0
0 0
0 0
0 0
0 0
0 0
0 0
0 0
0 0
0 0
0 0
0 0
0 0
0 0
0 0
0 0
0 0
0 0
0 -1
0 -1
-1 0
-1 0
-2 0
-3 -1
-4 -1
-6 -1
-7 -1
-6 -1
-7 0
-8 -1
-7 0
-8 0
-6 0
-3 0
-2 0
-1 0
END
2
0 0
0 0
0 0
0 0
0 0
0 0
0 0
0 0
0 0
0 0
0 0
0 0
0 0
0 0
0 0
0 0
0 0
0 0
0 0
0 0
0 0
0 0
0 0
0 0
0 0
0 0
0 0
0 0
0 0
0 0
0 0
0 0
0 0
0 0
0 0
0 0
0 0
0 0
0 0
0 0
0 0
0 0
0 0
0 0
0 0
0 0
0 0
0 0
0 0
0 0
0 0
0 0
0 0
0 0
0 0
0 0
0 0
0 0
0 0
0 0
0 0
0 0
0 0
0 0
0 0
0 0
-1 0
-1 0
-2 0
-1 0
-1 0
-4 -1
-4 0
-5 -1
-5 0
-5 -1
-7 0
-6 -1
-5 -1
-6 -1
-6 -1
-5 0
-7 -1
-7 0
-6 0
-4 0
-4 0
-2 0
END
0
0 0
0 0
0 0
0 0
0 0
0 0
0 0
0 0
0 0
0 0
0 0
0 0
0 0
0 0
0 0
0 0
0 0
0 0
0 0
0 0
0 0
0 0
0 0
0 0
0 0
0 0
0 0
0 0
0 0
0 0
0 0
0 0
0 0
0 0
0 0
0 0
0 0
0 0
0 0
0 0
0 0
0 0
0 0
0 0
0 0
0 0
0 0
0 0
0 0
0 0
0 0
0 0
0 0
-1 0
-2 -1
-2 -1
-4 0
-9 -2
-8 -1
-9 -1
-9 -2
-7 0
-7 0
-7 0
-8 0
-7 0
-7 -1
-5 0
-5 0
-5 0
-3 0
0 -1
0 -1
0 -1
0 -1
0 -1
0 -1
0 -1
0 -1
0 -1
0 -1
0 -1
0 0
END
2
0 0
0 0
0 0
0 0
0 0
0 0
0 0
0 0
0 0
0 0
0 0
0 0
0 0
0 0
0 0
0 0
0 0
0 0
0 0
0 0
0 0
0 0
0 0
0 0
0 0
0 0
0 0
0 0
0 0
0 0
0 0
0 0
0 0
0 0
0 0
0 0
0 0
0 0
0 0
0 0
0 0
0 0
0 0
0 0
0 0
-1 0
-1 0
-2 0
-3 -1
-5 -2
-9 -1
-10 -1
-11 -2
-11 -2
-10 -2
-9 -1
-7 0
-7 0
-6 0
-4 0
-2 0
-1 0
0 0
0 0
0 1
END
1
0 0
0 0
0 0
0 0
0 0
0 0
0 0
0 0
0 0
0 0
0 0
0 0
0 0
0 0
0 0
0 0
0 0
0 0
0 0
0 0
0 0
0 0
0 0
0 0
0 0
0 0
0 0
0 0
0 0
0 0
0 0
0 0
-1 0
-2 0
-2 0
-4 -1
-4 -1
-5 -1
-6 -1
-8 -1
-9 -1
-9 -1
-8 -1
-8 -1
-7 0
-6 0
-5 0
-4 0
-1 0
-1 0
END
1
0 0
0 0
0 0
0 0
0 0
0 0
0 0
0 0
0 0
0 0
0 0
0 0
0 0
0 0
0 0
0 0
0 0
0 0
-1 0
-1 0
-1 0
-2 0
-2 0
-5 -1
-7 -1
-6 -1
-7 -1
-7 -1
-6 -1
-5 -1
-4 -1
-3 -1
-4 0
-2 -1
-1 0
-1 -1
-1 -1
-2 -1
-2 0
-3 -1
-3 0
-2 -1
-1 0
-1 0
-1 0
0 0
0 0
END
2
0 0
0 0
0 0
0 0
0 0
0 0
0 0
0 0
0 0
0 0
0 0
0 0
0 0
0 0
0 0
0 0
0 0
0 0
0 0
-1 0
-1 0
-1 -1
-3 -1
-5 -2
-5 -2
-5 -1
-6 -1
-6 -2
-6 -1
-6 -1
-5 -1
-6 0
-5 0
-5 0
-4 -1
-3 0
-2 0
-2 0
-2 0
-3 0
-2 0
-2 -1
-2 0
-1 0
-1 0
-1 0
0 0
0 0
0 0
END
2
0 0
0 0
0 0
0 0
0 0
0 0
0 0
0 0
0 0
0 0
0 0
0 0
0 0
0 0
0 0
0 0
0 0
0 0
0 0
0 0
0 0
0 0
0 0
0 0
0 0
0 0
0 0
0 0
0 0
0 0
0 0
0 0
0 0
0 0
0 0
0 0
0 0
0 0
0 0
0 0
0 0
0 0
0 0
0 0
0 0
0 0
0 0
0 0
0 0
0 0
0 0
0 0
0 0
0 0
0 0
0 0
0 0
0 0
0 0
0 0
0 0
0 0
0 0
0 0
0 0
0 0
0 0
0 0
0 0
0 0
0 0
0 0
0 0
0 0
0 0
0 0
0 0
0 0
0 0
0 0
0 0
0 0
0 0
0 0
0 0
0 0
0 0
0 0
0 0
0 0
0 0
0 0
0 0
0 0
0 0
0 0
0 0
0 0
0 0
0 0
0 0
0 0
0 0
0 0
0 0
0 0
0 0
0 0
0 0
0 0
0 0
0 0
0 0
0 0
0 0
0 0
0 0
0 0
0 0
0 0
0 0
0 0
0 0
-1 0
-1 0
-1 0
-1 0
-2 -1
-2 0
-4 0
-3 -1
-5 -1
-5 0
-5 0
-5 -1
-6 -1
-5 -1
-5 0
-5 -1
-4 -1
-2 -1
-3 0
-2 0
-2 0
-1 0
-2 -1
-1 0
-2 -1
-1 0
-1 0
-2 -1
-1 0
-1 0
-1 0
0 0
0 0
END
1
0 0
0 0
0 0
0 0
0 0
0 0
0 0
0 0
0 0
0 0
0 0
0 0
0 0
0 0
0 0
0 0
0 0
0 0
0 0
0 0
0 0
0 0
0 0
0 0
0 0
0 0
0 0
0 0
0 0
0 0
0 0
0 0
0 0
0 0
0 0
0 0
0 0
0 0
0 0
0 0
0 0
0 0
0 0
0 0
0 0
0 0
0 0
0 0
0 0
0 0
0 0
0 0
0 0
0 0
0 0
0 0
0 0
0 0
0 0
-1 0
-1 0
-2 0
-1 0
-2 -1
-2 0
-5 -1
-5 -1
-6 -1
-8 -1
-6 0
-6 -1
-6 -1
-6 0
-4 -1
-4 0
-4 0
-4 -1
-4 0
-3 0
-3 0
-3 0
-1 0
-3 0
-2 0
-1 0
-2 0
-1 0
END
0
0 0
0 0
0 0
0 0
0 0
0 0
0 0
0 0
0 0
0 0
0 0
0 0
0 0
0 0
0 0
0 0
0 0
0 0
0 0
0 0
0 0
0 0
0 0
0 0
0 0
0 0
0 0
0 0
0 0
0 0
0 0
0 0
0 0
0 0
0 0
0 0
-1 0
-1 -1
-1 0
-1 0
-3 0
-4 0
-4 -1
-6 -1
-7 -1
-5 -1
-6 -1
-5 0
-5 -1
-3 0
-4 0
-4 -1
-4 0
-4 -1
-4 -1
-5 -1
-4 -1
-2 0
-3 -1
-1 0
-1 0
0 0
0 0
0 0
0 0
END
0
0 0
0 0
0 0
0 0
0 0
0 0
0 0
0 0
0 0
0 0
0 0
0 0
0 0
0 0
0 0
0 0
0 0
0 0
0 0
0 0
0 0
0 0
0 0
0 0
0 0
0 0
0 0
0 0
0 0
0 0
0 0
0 0
0 0
0 0
0 0
0 0
0 0
0 0
0 0
-1 0
-1 0
-1 0
-2 -1
-4 0
-5 -1
-5 0
-7 -1
-8 0
-9 0
-9 0
-8 0
-6 0
-6 -1
-5 -1
-4 0
-4 -1
-3 0
-4 -1
-4 0
-4 0
0 0
0 1
0 1
0 1
0 0
END
3
0 0
0 0
0 0
0 0
0 0
0 0
0 0
0 0
0 0
0 0
0 0
0 0
0 0
0 0
0 0
0 0
0 0
0 0
0 0
0 0
0 0
0 0
0 0
0 0
0 0
0 0
0 0
0 0
0 0
0 0
0 0
0 0
0 0
0 0
0 0
0 0
0 0
0 0
0 0
0 0
0 0
0 0
0 0
0 0
-1 0
-1 0
-1 0
-1 0
-1 0
-2 -1
-3 -1
-4 -1
-5 -1
-5 -1
-7 -1
-4 -1
-5 0
-4 0
-5 0
-5 -1
-4 -1
-4 -1
-5 -1
-4 0
-3 0
-3 0
-2 0
-1 0
-1 0
0 -1
-1 0
0 0
END
3
0 0
0 0
0 0
0 0
0 0
0 0
0 0
0 0
0 0
0 0
0 0
0 0
0 0
0 0
0 0
0 0
0 0
0 0
0 0
0 0
0 0
0 0
0 0
0 0
0 0
0 0
0 0
0 0
0 0
0 0
0 0
0 0
0 0
0 0
0 0
0 0
0 0
0 0
0 0
0 0
0 0
0 0
0 0
0 0
0 0
0 0
0 0
0 0
0 0
0 0
0 0
0 0
0 0
0 0
0 0
0 0
0 0
0 0
-1 0
-1 0
-1 -1
-1 0
-1 -1
-1 0
-3 0
-2 -1
-2 0
-4 -1
-4 0
-5 -1
-6 -1
-7 0
-6 0
-5 -1
-5 0
-4 0
-4 0
-3 0
-4 -1
-3 0
-3 -1
-3 -1
-3 -1
-2 0
-2 0
-2 0
-2 0
-2 0
-1 0
-1 0
0 0
0 0
END
1
0 0
0 0
0 0
0 0
0 0
0 0
0 0
0 0
0 0
0 0
0 0
0 0
0 0
0 0
0 0
0 0
0 0
0 0
0 0
0 0
0 0
0 0
0 0
0 0
0 0
0 0
0 0
0 0
0 0
0 0
0 0
0 0
0 0
0 0
0 0
0 0
0 0
0 0
0 0
0 0
0 0
0 0
0 0
0 0
0 0
0 0
0 0
0 0
0 0
0 0
0 0
0 0
0 0
0 0
0 0
0 0
0 0
0 0
0 0
0 0
0 0
0 0
0 0
0 0
0 0
0 0
0 0
0 0
0 0
0 0
0 0
0 0
0 0
0 0
0 0
0 0
0 0
0 0
0 0
0 0
0 0
0 0
0 0
0 0
0 0
0 0
0 0
0 0
0 0
0 0
0 0
0 0
0 0
0 0
0 0
0 0
0 0
0 0
0 0
0 0
0 0
0 0
0 0
-1 0
-1 0
-1 0
-4 0
-4 0
-5 0
-5 -1
-8 -1
-7 0
-7 -1
-6 0
-7 -1
-6 0
-5 0
-5 -1
-4 -1
-4 0
-2 0
-1 0
-1 -1
-1 0
-1 0
-2 0
-1 0
END
2
0 0
0 0
0 0
0 0
0 0
0 0
0 0
0 0
0 0
0 0
0 0
0 0
0 0
0 0
0 0
0 0
0 0
0 0
0 0
0 0
0 0
0 0
0 0
0 0
-1 0
0 -1
-1 0
-1 0
-1 0
-2 0
-1 0
-2 0
-3 0
-4 -1
-4 -1
-5 0
-6 -1
-6 -1
-5 0
-4 0
-5 -1
-3 -1
-2 0
-4 0
-3 0
-3 0
-3 0
-3 1
-3 0
-3 0
-2 0
-2 0
-2 0
-1 0
-1 0
-1 0
-1 0
0 0
0 0
0 0
END
3
0 0
0 0
0 0
0 0
0 0
0 0
0 0
0 0
0 0
0 0
0 0
0 0
0 0
0 0
0 0
0 0
0 0
0 0
0 0
0 0
0 0
0 0
0 0
0 0
0 0
0 0
0 0
0 0
0 0
0 0
0 0
0 0
0 0
0 0
0 0
0 0
0 0
0 0
0 0
0 0
0 0
0 0
0 0
0 0
0 0
0 0
0 0
0 0
0 0
0 0
0 0
0 0
0 0
0 0
0 0
0 0
0 0
0 0
-1 0
-1 0
-1 0
-1 0
-2 0
-3 0
-3 -1
-5 -1
-5 -1
-5 -1
-5 -1
-5 -1
-6 -1
-4 0
-5 0
-4 0
-4 0
-3 0
-3 0
-3 0
-1 0
-2 0
-1 0
-1 0
-1 -1
-1 0
-1 -1
-1 0
-1 0
-1 0
-2 -1
-1 0
-1 0
-1 0
-1 0
-2 0
-1 0
-1 0
-1 0
-1 0
-1 0
-1 0
-1 0
-1 0
-1 0
-2 0
-1 0
-1 0
-1 0
-1 0
0 0
0 0
0 0
-1 0
-1 0
0 -1
-1 0
-1 0
0 -1
-1 -1
0 -1
0 -1
-1 0
0 -1
0 -1
0 -1
0 -1
0 -1
0 -1
0 -1
0 -1
0 -1
0 -1
0 -1
0 -1
0 0
0 0
0 0
0 0
0 0
0 0
-1 0
-1 0
0 -1
-1 -1
-1 0
-1 0
-1 0
-1 0
-1 -1
-2 0
-1 0
-1 -1
0 -1
0 0
0 0
0 0
0 0
0 0
0 0
0 0
0 0
0 0
0 0
0 0
0 0
0 0
0 0
0 0
END
1
0 0
0 0
0 0
0 0
0 0
0 0
0 0
0 0
0 0
0 0
0 0
0 0
0 0
0 0
0 0
0 0
0 0
0 0
0 0
0 0
0 0
0 0
0 0
0 0
0 0
0 0
0 0
0 0
0 0
0 0
0 0
0 0
0 0
0 0
0 0
0 0
0 0
0 0
0 0
0 0
0 0
0 0
0 0
0 0
0 0
0 0
0 0
0 0
0 0
0 0
0 0
0 0
0 0
0 0
0 0
0 0
0 0
0 0
0 0
0 0
0 0
0 0
0 0
0 0
0 0
0 0
0 0
0 0
0 0
0 0
0 0
0 0
0 0
0 0
0 0
0 0
0 0
0 0
0 0
0 0
0 0
0 0
0 0
0 0
0 0
0 0
0 0
0 0
0 0
0 0
0 0
0 0
0 0
0 0
0 0
0 0
0 0
0 0
0 0
0 0
0 0
0 0
0 0
0 0
0 0
-1 0
-1 -1
-3 0
-4 0
-6 -1
-7 -1
-7 0
-8 -1
-7 0
-8 0
-7 -1
-8 -1
-7 0
-6 -1
-5 -1
-4 -1
-4 -1
-4 0
-4 0
-2 0
0 0
0 1
0 1
0 1
0 1
0 1
0 0
0 1
END
1
0 0
0 0
0 0
0 0
0 0
0 0
0 0
0 0
0 0
0 0
0 0
0 0
0 0
0 0
0 0
0 0
0 0
0 0
0 0
0 0
0 0
0 0
0 0
0 0
0 0
0 0
0 0
0 0
0 0
0 0
0 0
0 0
0 0
0 0
0 0
0 0
0 0
0 0
0 0
0 0
0 0
0 0
0 0
0 0
0 0
0 0
0 0
0 0
0 0
0 0
0 0
0 0
0 0
0 0
0 0
0 0
0 0
0 0
0 0
0 0
-1 0
-1 -1
-1 0
-1 0
-3 -1
-4 0
-5 -1
-6 -1
-5 -1
-5 -1
-6 -1
-4 -1
-6 -1
-5 -1
-5 -1
-4 -1
-4 0
-3 0
-2 0
-2 0
-2 0
-2 0
-2 0
-2 0
-1 -1
-1 -1
-2 0
-1 -1
-1 0
0 -1
-1 -1
-1 0
-1 -1
-1 -1
-1 -1
-1 -1
-1 -1
-1 0
0 0
-1 0
0 0
0 -1
-1 -1
-1 0
0 -1
0 -1
0 -1
-1 0
0 -1
0 -2
0 -1
1 -1
0 -2
0 -1
1 -1
1 -2
1 0
0 -1
1 0
1 -1
1 0
0 0
0 0
0 0
0 -1
0 -1
-1 -1
-1 0
-1 0
-1 0
0 0
-1 0
-1 0
0 0
END
0
0 0
0 0
0 0
0 0
0 0
0 0
0 0
0 0
0 0
0 0
0 0
0 0
0 0
0 0
0 0
0 0
0 0
0 0
0 0
0 0
0 0
0 0
0 0
0 0
0 0
0 0
0 0
0 0
0 0
0 0
0 0
0 0
0 0
0 0
0 0
0 0
0 0
0 0
0 0
0 0
0 0
0 0
0 0
0 0
0 0
0 0
0 0
0 0
0 0
0 0
0 0
0 0
0 0
0 0
0 0
0 0
0 0
0 0
0 0
0 0
0 0
0 0
0 0
0 0
0 0
0 0
0 0
0 0
0 0
0 0
0 0
0 0
0 0
0 0
0 0
0 0
0 0
0 0
0 0
-1 0
-1 0
-1 0
-1 0
-3 0
-4 0
-5 0
-5 1
-5 0
-5 0
-5 1
-4 0
-4 0
-4 0
-4 0
-3 0
-4 0
-2 1
-4 1
-3 0
-3 0
-3 0
-2 1
-2 0
-2 0
-3 1
-3 0
-2 0
-3 0
-2 0
-2 0
-2 0
-2 0
-2 0
-2 0
0 -1
0 -1
END
1
0 0
0 0
0 0
0 0
0 0
0 0
0 0
0 0
0 0
0 0
0 0
0 0
0 0
0 0
0 0
0 0
0 0
0 -1
0 -1
-1 0
-1 0
-1 0
-3 0
-3 -1
-4 0
-6 -1
-7 -1
-8 -1
-8 0
-12 0
-10 0
-9 0
-8 0
-6 0
-5 0
-5 0
-5 0
-5 0
0 -1
0 0
0 0
END
3
0 0
0 0
0 0
0 0
0 0
0 0
0 0
0 0
0 0
0 0
0 0
0 0
0 0
0 0
0 0
0 0
0 0
0 0
0 0
0 0
0 0
0 0
0 0
0 0
0 0
0 0
0 0
0 0
0 0
0 0
0 0
0 0
0 0
0 0
0 0
0 0
0 0
0 0
0 0
0 0
0 0
0 0
0 0
0 0
0 0
0 0
0 0
0 0
0 0
0 0
0 0
0 0
0 0
0 0
0 0
0 0
0 0
0 0
0 0
0 0
0 0
0 0
0 0
0 0
0 0
0 0
0 0
0 0
0 0
0 0
0 0
0 0
0 0
0 0
0 0
0 0
0 0
0 0
0 0
0 0
0 0
0 0
0 0
0 0
0 0
0 0
0 0
0 0
-1 0
-1 0
-1 0
-2 0
-3 0
-3 0
-5 0
-5 0
-6 -1
-5 0
-3 0
-5 0
-4 0
-5 0
-4 -1
-3 0
-3 1
-3 0
-2 0
-2 0
-1 0
-2 0
-3 -1
-2 0
-2 0
-3 -1
-3 0
-3 0
-2 0
-2 0
-1 0
-2 0
-1 0
-2 0
-2 0
-2 0
-1 0
0 0
0 0
-1 0
0 1
0 0
-1 0
END
2
0 0
0 0
0 0
0 0
0 0
0 0
0 0
0 0
0 0
0 0
0 0
0 0
0 0
0 0
0 0
0 0
0 0
0 0
0 0
0 0
0 0
0 0
0 0
0 0
0 0
0 0
0 0
0 0
0 0
0 0
0 0
0 0
0 0
0 0
0 0
0 0
0 0
0 0
0 0
0 0
0 0
0 0
0 0
0 0
0 0
0 0
0 0
0 0
0 0
0 0
0 0
0 0
0 0
0 0
0 0
0 0
0 0
0 0
0 0
0 0
0 0
0 0
0 0
0 0
0 0
0 0
0 0
0 0
0 0
0 0
0 0
0 0
0 0
0 0
0 0
0 0
0 0
0 0
0 0
0 0
0 0
0 0
0 0
0 0
0 0
0 0
0 0
0 0
0 0
0 0
0 0
0 0
0 0
0 0
-1 -1
-1 0
-2 0
-2 -1
-3 0
-5 -1
-7 -1
-7 0
-7 0
-8 0
-8 0
-8 0
-8 0
-6 0
-6 0
-4 0
-4 -1
-3 0
-2 -1
-2 0
-2 -1
-3 0
-2 0
-2 0
-1 0
-1 0
-1 0
0 0
0 0
END
[ACTIONS]
1
157 19
END
2
291 76
END
3
230 130
END
6
420 121
END
8
497 102
END
9
378 112
END
10
590 102
END
11
574 80
END
12
513 116
END
13
342 122
END
14
484 103
END
15
478 119
END
16
411 102
END
17
528 32
END
18
515 84
END
19
430 93
END
20
437 117
END
21
213 106
END
22
469 92
END
23
461 99
END
24
437 89
END
25
496 91
END
26
426 94
END
27
496 110
END
33
330 84
END
34
413 59
END
35
402 63
END
36
359 65
END
37
379 95
END
38
273 105
END
39
163 102
END
40
540 74
END
41
443 136
END
42
489 102
END
43
480 88
END
44
496 105
END
45
498 113
END
46
491 92
END
47
461 96
END
48
510 99
END
49
628 36
END
50
564 67
END
51
580 80
END
52
576 49
END
53
389 92
END
55
505 73
END
56
707 276
END
57
569 20
END
58
605 70
END
59
549 54
END
60
662 53
END
[SCORE]
202